id,_fivetran_synced,account_id,ad_group_id,campaign_id,click_url,configured_status,effective_status,is_processing,name,post_id,post_url,preview_expiry,preview_url,rejection_reason,search_term
1361113042263562412,2023-01-09 22:21:19.329000 UTC,t2_9wbo179l,1361113039508633191,1361113034247431512,https://www.fivetran.com/blog/new-levels-of-automation-for-data-transformation-with-fivetran?utm_source=reddit&utm_medium=paid_social&utm_term=subreddit&utm_campaign=q122_transformations_na_brand-awarness_re&utm_content=video,PAUSED,CAMPAIGN_PAUSED,FALSE,colombia,t3_sbso8a,,,,,
1376344571741100240,2023-01-09 22:21:19.329000 UTC,t2_9wbo179l,1376344567485216816,1376344562480400752,https://www.fivetran.com/?utm_source=reddit&utm_medium=paid_social&utm_term=subreddit&utm_campaign=q122_whyfivetran&utm_content=video_a,PAUSED,CAMPAIGN_PAUSED,FALSE,peru,t3_svplh7,,,,,
1381383687866921562,2023-01-09 22:21:19.329000 UTC,t2_9wbo179l,1381383685043855804,1376344562480400752,https://www.fivetran.com/?utm_source=reddit&utm_medium=paid_social&utm_term=subreddit&utm_campaign=q122_whyfivetran&utm_content=video_b,PAUSED,CAMPAIGN_PAUSED,FALSE,argentina,t3_svp51i,,,,,
1420711548737881304,2023-01-09 22:21:19.329000 UTC,t2_9wbo179l,1420711542646192662,1420711536670279757,https://www.fivetran.com/finance-analytics?utm_source=reddit&utm_medium=paid_social&utm_term=global-communities&utm_campaign=q122_blend-fivetran&utm_content=reddit-image,PAUSED,CAMPAIGN_PAUSED,FALSE,brazil,t3_u34792,,,,,
1425765171007552992,2023-01-09 22:21:19.329000 UTC,t2_9wbo179l,1425765168505486102,1420711536670279757,https://www.fivetran.com/case-studies/blend-reaches-terminal-velocity-with-fivetran-and-hightouch?utm_source=reddit&utm_medium=paid_social&utm_term=subreddit&utm_campaign=q122_blendxfivetran&utm_content=video,PAUSED,CAMPAIGN_PAUSED,FALSE,uruguay,t3_u8ab22,,,,,
1430216479756700037,2023-01-09 22:21:19.329000 UTC,t2_9wbo179l,1430216473887014079,1430216470366467725,https://get.fivetran.com/PBFStartupProgram_LP.html?utm_source=reddit&utm_medium=paid_social&utm_term=subreddit&utm_campaign=q122_pbf-startups&utm_content=image://,PAUSED,CAMPAIGN_PAUSED,FALSE,paraguay,t3_uctclm,,,,,
1430216681902740935,2023-01-09 22:21:19.329000 UTC,t2_9wbo179l,1430216473887014079,1430216470366467725,https://get.fivetran.com/PBFStartupProgram_LP.html?utm_source=reddit&utm_medium=paid_social&utm_term=subreddit&utm_campaign=q122_pbf-startups&utm_content=image,PAUSED,CAMPAIGN_PAUSED,FALSE,chile,t3_ucu3u1,,,,,
1456360346839345975,2023-01-09 22:21:19.329000 UTC,t2_9wbo179l,1456360341207923621,1456360336221951846,https://www.fivetran.com/case-studies/blend-reaches-terminal-velocity-with-fivetran-and-hightouch?utm_source=reddit&utm_medium=paid_social&utm_term=subreddit&utm_campaign=q122_blendxfivetran&utm_content=video,PAUSED,CAMPAIGN_PAUSED,FALSE,ecuador,t3_u8ab22,,,,,
1456360345204835589,2023-01-09 22:21:19.329000 UTC,t2_9wbo179l,1456360341233292739,1456360336221951846,https://www.fivetran.com/finance-analytics?utm_source=reddit&utm_medium=paid_social&utm_term=global-communities&utm_campaign=q122_blend-fivetran&utm_content=reddit-image,PAUSED,CAMPAIGN_PAUSED,FALSE,nicaragua,t3_u34792,,,,,
1470654731045741920,2023-01-09 22:21:19.329000 UTC,t2_9wbo179l,1467799701393171851,1467799695972064685,https://www.fivetran.com/case-studies?utm_medium=paid_social&utm_source=reddit&utm_campaign=data_heroes_jetblue&utm_content=image&utm_term=global-communities,ACTIVE,CAMPAIGN_PAUSED,FALSE,costa rica,t3_vhojoo,,,,,
1470653213590509715,2023-01-09 22:21:19.329000 UTC,t2_9wbo179l,1467799701393171851,1467799695972064685,https://www.fivetran.com/case-studies?utm_medium=paid_social&utm_source=reddit&utm_campaign=data_heroes_jetblue&utm_content=image&utm_term=global-communities,PAUSED,CAMPAIGN_PAUSED,FALSE,panama,t3_vhomrb,,,,,
1480824090820709680,2023-01-09 22:21:19.329000 UTC,t2_9wbo179l,1480824085905817524,1467799695972064685,https://www.fivetran.com/case-studies/jetblue-flies-high-with-fivetran?utm_medium=paid_social&utm_source=reddit&utm_campaign=data_heroes_jetblue&utm_content=image&utm_term=global-communities,ARCHIVED,ARCHIVED,FALSE,guatemala,t3_vest04,,,,,
1480824092397349539,2023-01-09 22:21:19.329000 UTC,t2_9wbo179l,1480824085905817524,1467799695972064685,https://www.fivetran.com/case-studies/jetblue-flies-high-with-fivetran?utm_medium=paid_social&utm_source=reddit&utm_campaign=data_heroes_jetblue&utm_content=image&utm_term=global-communities,ARCHIVED,ARCHIVED,FALSE,venezuela,t3_vesv72,,,,,
1480824091036872991,2023-01-09 22:21:19.329000 UTC,t2_9wbo179l,1480824085905817524,1467799695972064685,https://www.fivetran.com/case-studies??utm_medium=paid_social&utm_source=reddit&utm_campaign=data_heroes_jetblue&utm_content=image&utm_term=global-communities,ARCHIVED,ARCHIVED,FALSE,st martens,t3_vhoglr,,,,,
1480824090881679082,2023-01-09 22:21:19.329000 UTC,t2_9wbo179l,1480824085905817524,1467799695972064685,https://www.fivetran.com/case-studies?utm_medium=paid_social&utm_source=reddit&utm_campaign=data_heroes_jetblue&utm_content=image&utm_term=global-communities,ARCHIVED,ARCHIVED,FALSE,st johns,t3_vhojoo,,,,,
1480824092507974018,2023-01-09 22:21:19.329000 UTC,t2_9wbo179l,1480824085905817524,1467799695972064685,https://www.fivetran.com/case-studies?utm_medium=paid_social&utm_source=reddit&utm_campaign=data_heroes_jetblue&utm_content=image&utm_term=global-communities,ARCHIVED,ARCHIVED,FALSE,bvi,t3_vhojoo,,,,,
1480824092501457099,2023-01-09 22:21:19.329000 UTC,t2_9wbo179l,1480824085905817524,1467799695972064685,https://www.fivetran.com/case-studies?utm_medium=paid_social&utm_source=reddit&utm_campaign=data_heroes_jetblue&utm_content=image&utm_term=global-communities,ARCHIVED,ARCHIVED,FALSE,haiti,t3_vhomrb,,,,,
1480832597688470285,2023-01-09 22:21:19.329000 UTC,t2_9wbo179l,1480824085905817524,1467799695972064685,https://www.fivetran.com/case-studies?utm_medium=paid_social&utm_source=reddit&utm_campaign=data_heroes_jetblue&utm_content=video&utm_term=global-communities,ACTIVE,CAMPAIGN_PAUSED,FALSE,dominican republic,t3_vsao08,,,,,
1510393835426777445,2023-01-09 22:21:19.329000 UTC,t2_9wbo179l,1510393829097718070,1510393823694638543,https://www.fivetran.com/case-studies/jetblue-flies-high-with-fivetran?utm_medium=paid_social&utm_source=reddit&utm_campaign=lp-2022-q3-data-heroes-jetblue&utm_content=case_study&utm_term=case-studies-page,ACTIVE,CAMPAIGN_PAUSED,FALSE,curacao,t3_wp5yek,,,,,
1522247232378637129,2023-01-09 22:21:19.329000 UTC,t2_9wbo179l,1522247226241194321,1510393823694638543,https://www.fivetran.com/case-studies/blend-reaches-terminal-velocity-with-fivetran-and-hightouch?utm_medium=paid_social&utm_source=reddit&utm_campaign=lp-2022-q3-data-heroes-blend&utm_content=case_study&utm_term=case-studies-page,ACTIVE,CAMPAIGN_PAUSED,FALSE,aruba,t3_x2vup1,,,,,
1535743348805779455,2023-01-09 22:21:19.329000 UTC,t2_9wbo179l,1535743345604192832,1510393823694638543,https://www.fivetran.com/case-studies/untitled-unleashes-customer-data-with-powered-by-fivetran?utm_medium=paid_social&utm_source=reddit&utm_campaign=lp-2022-q3-data-heroes-untitled&utm_content=case_study,ACTIVE,CAMPAIGN_PAUSED,FALSE,puerto rico,t3_xiiuai,,,,,
1542438385001795138,2023-01-09 22:21:19.329000 UTC,t2_9wbo179l,1542438363648999385,1542438351052756282,https://www.fivetran.com/blog/data-integration-gartner-mq?utm_campaign=gartner-magic-quadrant-2022&utm_content=blog&utm_medium=paid_social&utm_source=reddit&utm_term=gartnermq_blog_1x2,ACTIVE,CAMPAIGN_PAUSED,FALSE,montserrat,t3_xqr2gh,,,,,
1576385500655752213,2023-01-09 22:21:19.329000 UTC,t2_9wbo179l,1576385497926868838,1576385495765735715,https://www.fivetran.com/blog/data-integration-gartner-mq?utm_campaign=gartner-magic-quadrant-2022&utm_content=blog&utm_medium=paid_social&utm_source=reddit&utm_term=gartnermq_blog_1x2,ACTIVE,CAMPAIGN_PAUSED,FALSE,bolivia,t3_yv9gtx,,,,,
1576392506073530417,2023-01-09 22:21:19.329000 UTC,t2_9wbo179l,1576392503155052368,1576385495765735715,https://www.fivetran.com/case-studies/yardzen-clears-etl-headache-fivetran-standard-select?utm_medium=paid_social&utm_source=reddit&utm_campaign=lp-2022-q3-global-standard-select-yardzen&utm_content=blog,ACTIVE,CAMPAIGN_PAUSED,FALSE,suriname,t3_yva7pd,,,,,
1588160260489329849,2023-01-09 22:21:19.329000 UTC,t2_9wbo179l,1588160255185786391,1576385495765735715,https://www.fivetran.com/case-studies/red-ventures-supports-30-percent-more-clients-without-headcount?utm_medium=paid_social&utm_source=reddit&utm_campaign=lp-2022-q4-global-redventures30percent&utm_content=case_study,ACTIVE,CAMPAIGN_PAUSED,FALSE,guyana,t3_z99pex,,,,,
1588170280637292680,2023-01-09 22:21:19.329000 UTC,t2_9wbo179l,1588160255185786391,1576385495765735715,https://www.fivetran.com/case-studies/red-ventures-supports-30-percent-more-clients-without-headcount?utm_medium=paid_social&utm_source=reddit&utm_campaign=lp-2022-q4-global-redventures30percent&utm_content=case_study,ACTIVE,CAMPAIGN_PAUSED,FALSE,honduras,t3_z99qfg,,,,,
1593209141286931251,2023-01-09 22:21:19.329000 UTC,t2_9wbo179l,1593209137262956890,1593209133449106285,https://www.moderndatastackconference.com/?utm_medium=paid_social&utm_source=reddit&utm_campaign=cnf|2023-04-04|amer|all|the-modern-data-stack-conference&utm_content=conference,ACTIVE,PENDING_REVIEW,FALSE,belize,t3_zfkt0k,,,,,
1593209533439773220,2023-01-09 22:21:19.329000 UTC,t2_9wbo179l,1593209137262956890,1593209133449106285,https://www.moderndatastackconference.com/?utm_medium=paid_social&utm_source=reddit&utm_campaign=cnf|2023-04-04|amer|all|the-modern-data-stack-conference&utm_content=conference,ACTIVE,PENDING_REVIEW,FALSE,mexico,t3_zfkt9v,,,,,
1593210701534369336,2023-01-09 22:21:19.329000 UTC,t2_9wbo179l,1593209137262956890,1593209133449106285,https://www.moderndatastackconference.com/?utm_medium=paid_social&utm_source=reddit&utm_campaign=cnf|2023-04-04|amer|all|the-modern-data-stack-conference&utm_content=conference,ACTIVE,PENDING_REVIEW,FALSE,st lucia,t3_zfktwy,,,,,
1593219019412222780,2023-01-09 22:21:19.328000 UTC,t2_9wbo179l,1593219016789025189,1593209133449106285,https://www.moderndatastackconference.com/?utm_medium=paid_social&utm_source=linkedin&utm_campaign=cnf|2023-04-04|amer|all|the-modern-data-stack-conference&utm_content=conference,PAUSED,PENDING_REVIEW,FALSE,bahamas,t3_zfisiz,,,,,
1593219019370779780,2023-01-09 22:21:19.329000 UTC,t2_9wbo179l,1593219016789025189,1593209133449106285,https://www.moderndatastackconference.com/?utm_medium=paid_social&utm_source=linkedin&utm_campaign=cnf|2023-04-04|amer|all|the-modern-data-stack-conference&utm_content=conference,PAUSED,PENDING_REVIEW,FALSE,jamaica,t3_zfj7is,,,,,
1593219020740109284,2023-01-09 22:21:19.328000 UTC,t2_9wbo179l,1593219016789025189,1593209133449106285,https://www.fivetran.com/blog/5-reasons-to-attend-modern-data-stack-conference-2023?utm_campaign=cnf|2023-04-04|amer|all|the-modern-data-stack-conference&utm_content=blog&utm_medium=paid_social&utm_source=reddit,ACTIVE,PENDING_REVIEW,FALSE,grenada,t3_zkg709,,,,,